68728545731
58440347122
59369368916
61111036948
69959573994
108149491642
72744003812
111076126700
76784644348
86184466461
71358619218
51181779697
97208401294
102244992666
94111740138
76135569414
71718168957
59655719778
99813390428
61274897757
68842358221
74612460756
95428489813
104945997248
61767591175
95018519621
67160734725
71767141851
62534475783
101121421246
67796678909
901247752999588
50016482537
102743712347
96183223495
79591270331
93002193516
58976838043
96845169713
16773389514
76195647346
73223697161
69873676645
86404475976
98458081788
72183883814
91755195915
60620986701
97061656568
83033979270
97579974735
102664368565
68525187375
95391972856
98364209823
76191546099
98541324166
62590345401
303104959448935
102563381247
52566793098
59715686401
52369102480
60690840644
86365286579
105324240046
60510951908
83506274211
74210231347
59495933467
98582203016
97931027973
96678542027
64381820604
100278296916
73755173031
109502468543
76614475933
81484761066
95061308190
65579504875
69443042182
83267399528
51528388740
59341226394
58149138973
103753650369
101282946040
60486219491
81532589312
82402532895
72382642003
80380804197
83834450496
99394503582
107771327830
63069037319
95312306130
94593679082
60684823030
108669211106
104634503316
96620993307
92942046134
100518987822
74974209619
103140486758
92680026418
97231137502
72905058675
59217544614
60685450185
71678281182
80196141201
97203640142
96396834437
290707113773854
60642594725
71913088971
53594204035
98003963354
73254961656
92794318620
82556439823
76572547676
12883739395
77017129508
474643624115134
97257101124
871247672258312
71411604993
105281445557
110101348093
94297406530
77244760713
100060495562
93213315653
111592585780
325069052577480
66980934192
100385250640
105139971258
61940115843
102174399009
106126266752
94974713659
61228735852
102565477254
104532252790
857235342503608
96006021396
87343181515
103512346977
92998387087
101615793015
685686588462605
76486703705
100776030751
68718865169
60759044447
62899861215
70862294773
77249212746
97586764532
91822951107
80617503120
74812613484
62948714624
166728803558459
101339755465
93453446207
76304998459
83845617109
101953237564
75864506584
103459984134
85611051638
92439731899
59475095446
62814513402
93362820300
104711229253
71040067174
71001388150
905591665462285
59915131755
78669679503
70242301680
97948515646
94746494014
95861779683
54799780129
110830227400
97427692890
102829189663
96178601706
97919961899
101317522764
96824389435
51717381102
712907328591981
58225834839
85948723720
61010540441
93408990206
96165256405
6949971673
73764974151
83709533724
435047985329596
93428091680
109507089459
95110840666
62852758519
102987919794
149140918515550
88836353921
101796781159
72998216777
102012064498
62860562248
108039275207
66196167811
108404867936
92675900881
92788183941
84513293439
92923130847
101685280223
106038664439
98925380853
61139738489
97925799137
60304074117
108429690734
72693203894
69971487818
51439723375
103350564231
86407488488
109332949534
87691873907
65957427527
94831013696
73673140493
523011955105822
101576440462
55678163040
51297509249
111153699453
104702910284
88154650393
62209677723
102164121052
106881284037
68430721632
66897295994
93219828234
62733917506
905609861399079
81016987756
105310567204
92088807971
62332294636
15601889136
100119082919
108654899817
79375178073
76133100980
63323044831
83981960452
59050618373
71508581301
92169685450
104706545257
51169106898
71173539250
100981376266
59525738872
59520164091
98942844612
69497905000
96625114624
66546505134
70047971749
82394473704
61042122823
92448242620
71961818844
96792966146
61839356731
79986907606
88269590071
98868747164
88545864728
73325458208
21770083073
104533815094
99656014839
77105701653
103226425409
68831582586
632972891928240
106168701458
104694200701
102050449707
106879676978
85379423433
93364744608
101489523690
89195506718
607347872905886
62573714156
62777366772
104938413350
96888892986
64421208684
60437320805
92818425240
98330269559
104862414191
681321204286030
85485326394
62004118884
102103586781
74236355922
111069853003
71986810331
93254542540
55570387237
70160825362
100751187256
96993486241
63123980076
93870369538
97830327506
87165816980
71325280899
58247167786
64041097182
51813603033
75696384791
106162991685
64181727094
73520452648
94688215541