88054506256
98992933869
30396264234855
96638098132
99145955711
62866984347
85272771261
93527698833
85084726145
87649822482
75112467978
95045149084
67270532444
93486219962
92686849830
100699480569
111312484775
60447090268
98142279853
72256555960
78355216281
96627682491
67493113934
82767928712
76225359642
82086764571
60820764110
99686996025
95254544010
108852694853
98005390190
97263184951
93613092052
70462203932
77966681897
111150439422
60498770990
111197620022
94978272499
96730729095
149122018445816
63630908525
110864754589
101477675581
97207518192
101460428653
106762815407
107711847583
813261122441820
95600312642
100981996811
64914636579
106490850249
105976434555
63714826629
73214042459
102558177230
78279718507
75583260204
108712881388
103143436020
14371671694
108708724505
100310868406
93367375984
107974807519
68632859529
104088424159
97460706094
69215984083
101964080964
101668061250
100663882382
68401397489
106780922758
96807299676
62536658979
61072720084
637339041793384
64758820729
73307538319
78295034646
74876439514
108668234554
99448399786
84394460238
70509986389
59245348213
69383827580
67366469144
63173258476
100390867471
96817059465
64333254004
76133362503
71418136197
63605906265
74494659069
98471571478
66535094271
92330131989
43569572750094
93391895985
73993410385
92775885365
98620240047
87020118552
93538759541
96516517739
99340293110
62647950130
95681865061
83259416248
70314969803
92476526263
87679800494
95488432347
87109546321
82204062036
103020171348
63707392865
83061771542
104081396448
72128145411
63393759303
108088376653
5183106769
60377789379
62921380845
60488015250
70838037520
78942529419
78295615931
53508643027
96385817029
100503914746
63689540705
55488005385
74952715415
94574086875
95904465692
103049872489
65991881708
64454444012
70480513138
20055328102
100588071920
92811695208
70892593324
104328986701
940818343140131
70104732363
97835764473
97324850937
82526552701
94481619093
73833218670
102807516132
80385364286
92847542580
74732642369
93199227267
57650245892
72200621085
62931028580
111235650501
870455750180160
104934163700
96031264277
104978118064
71720721163
91682889049
58628927156
65003198896
69700526283
65623396786
64525213239
107908305816
98229044043
106179614744
75587203358
59076158250
109304757306
61772361088
80718952549
61687560855
58370701549
64454988685
106412252854
97081117017
95883619806
73098884323
96607473057
60083679695
82266578314
75179292435
39221651847875
99183151969
84466088715
