61209970171
651355351689220
95533216011
65238608961
54400320272
92763519448
104769481658
110519428060
75956603186
64491361325
92817634247
100276376819
98877163452
60662238599
65501548883
108250223074
103031429647
62435964165
59919974860
6249485194
110543686449
96104164794
65933536189
60321359050
87398889343
96667447813
96762091569
88441068192
93224144174
60679885436
101888411084
791279715496029
81914471508
58590157458
923181177384616
81042399658
75615497017
93091277974
76593818334
72076273115
61220965358
103430228040
57845578771
71495871730
81574471258
93153957141
101687935809
101930401661
66624489710
378705425206959
97201922756
98421460722
496619835374619
97070542807
79288034178
98327370326
93187723214
246728014963310
72275508352
245886119325576
58551669260
91650352862
63568481958
104749835149
69929210675
62789722879
108722829276
102562672745
93050418951
77177707762
68355283831
58544627076
329453088285015
553784908460311
84648698845
108709760410
83707086406
60508847252
88856024039
883660439950119
83764378656
85517962865
87267369434
61082798509
62550976988
63233072905
56554198854
103344055627
100927370789
71471813914
97922628169
52527603828
109288099418
95593824045
59125901901
457018616852589
89006117337
72236267572
77714165140
106627447737
72046138888
63021478173
96579184872
73037195915
68020067920
60374398414
74127653532
106280995149
61569465409
64181720285
105004384918
99722135307
103195544404
510652624673847