109623904816
97386453006
75081367043
93504434992
105363617246
72274769258
95080542051
698933805855672
880068662926024
70428221688
67961232668
24420996413
63550287225
59584731722
76371363240
102090595867
61073796840
57673877966
166725682990733
110806350227
104683041862
63670622935
100368792159
99749364106
96690813663
50323525524
63359323418
99667616638
99166500093
59096122278
63743579420
88404529809
59610268460
111022682630
94318079220
73472728656
82396397476
63198905708
85257490969
106857722610
74840189151
352308794757448
17744411482
63689319838
81828799530
844857769990104
64234449928
102138619021
62101203642
76736898420
93813124133
100308931524
110779984269
62512694877
544981553518535
439446705812861
386637475624903
69816268803
56701931505
792063594993134
92442160406
66851914215
110130956727
51218451978
100018179874
88650431800
96374318990
59123121007
60291095792
61806003905
88771024551
71041267984
63666522504
59230852984
63720406114
58992769098
58168947739
99303408519
72830288399
93897165101
63622198122
92933571826
399868579808030
59835582240
61391378135
96613399855
59616373103
67719478781
100735003202
62002871689236
59472153673
70983015583
92605501769
69785946375
61648090428
60432145362
21672504234
82307147768
71415168426
66484206823
86406479659
59005902297
63852416614
86552735484
101946019871
58933407641
50350473140
60699534830
63249508509
73613756374
62722924779
60608781162
85343407210
101261053711
97122958148
102525456863
94512388158
103868797184
712135666830622
4916532875
60633687496
52690885755
97431129391
760511206274316
106026367806
102196841664
68039109435
68279419509
102162858813
108816732060
96607727706
69784511185
59442907750
97060601703
84008450840
108291108404
93866393669
69501628055
98474814715
65674437346
63886084835
55397464558
64567786834
79340188747
86370654630
67619780715
786905825031543
98613303057
98229568000
106765140610
68102131749
71181396477
93143971136
66647098630
99495186309
64857748613
94220960452
93388970559
64497929533
93524150211
22971010937
67053881332
101123982779
99151746254