60767129081
99672838617
66931006541
93938746811
59405015174
58624054362
70955916453
108605023153
93125884960
62763332133
87731137414
93585077462
82167134396
87201335695
60701553933
66753266997
94980237014
60505598033
52605600007
100721095156
827252311080232
92562586899
59226342458
73646450234
95278337239
100422232041
102901130102
104256116689
71731946508
62469071889
83873199137
62601964654
61177061258
62189321369
59596097426
62579075215
60534797174
70237957900
101495537468
84010532188
60462477673
71489124863
53582492866
60650847653
59142189292
84743725397
92778746071
77027614588
59432148887
76471665109
64307170342
60479017442
67616244687
93400005630
94492277113
85489361048
61213003869
465825019986999
63767567875
59256871997
94143742382
83781961363
62473722066
87366292923
59041663295
59310744313
96668905933
101214156460
62184544565
91679168097