71280634746
72317801097
93401459782
61888480326
60318813994
84516602271
110872409719
254718442214344
97425508667
93182511969
96183017256
101606025226
85596895350
73531986284
64833171237
769259134519719
100587622612
51194193423
71512593687
96225676652
70745660245
110591524497
76354827328
63367375285
68835698743
84582286605
109248642791
109925115786
91718825552
110490723410
79771140008
87308896272
106177033059
95103768086
60623335315
62169288253
237100013205848
104279515039
59406405188
63819687304
86452110096