76245592803
101838768186
92866040440
92402935603
66652814454
92287642681
73874051033
60481153476
73872314709
90110123113
68603277513
606552162842776
101336031783
56913673631
545009688911335
94248574555
93182446736
62499043311
88439096005
70834969385960
60816086028
81179499261
111528952331
105130481784
66822496556
118402349536631
83338311688
71145657090
69768774231
87111348039
53065329455
73471059247
404257891706157
59717971360
102188891680
50720010975
102001873862
86918879581
80201803715
72566428538
66102289723
59743898508
91849653898
88829890303
96568647600
64698109804
73708002439
61366428224
101621927130
62438678601
215135823594029
56153633610
54124765897
91970001550
50506267265
84554681239
66693592503
106652355359
67460240812
65413596137
93534428805
59003007328
100488384258
63556757160
91506423739
105005194048
102483109047
67609297878
70426010728
86235991429
81015828426
61588951566
105331716976
149140502741919
98112467913
93048239231
66846793166
87189292195
60337859828
58259262673
71372068331
71696026009
59302485095
58921478108
99321197282
67204492173
60507506770
62467137870
93567895372
71402892931
80610672408
59144589024
97607223672
78024012796
66768786364
84838724095
60286251546
12276609098
94128800779
111070239999
74845954741
58589801445
108638434597
63162155820
85610591036
104537019468
68328488419
12792345933901
64611077160
93942572824
769282869834732
91685949065
108343631965
110907224596
101908210189
93537900922
97641802673
97493008120
60406915012
52073548007
369057365495460
74893745594
17585135878
61718528546
67454703919
52657841009
108891800757
99562365735
91658589847
95165617009
101783061355
100639413853
74881839381
59073273639
63057213527
59595848709
111155886069
67128449874
77345414857
102114841486
58519906742
58937092784
62468319483
63366410235
92955600076
83431908321
51006651092