107702280303
104933326336
93934640585
69354056495
607357826513868
21385466510
62215058553
52200269562
60500763335
61123308247
82010154586
92885975153
77201753556
66594457959
61182239475
272277363233496
62086239864
67682356748
93112188045
74379237225
62224235232
80790499041
66768592603
950428612172064
58933173281
69931161125
61909645683
110597665499
67962227401
108896432148
54762920999
71060996329
66405380911
104027598743
24959250698
68368753846
67190537248
101411826818
58356105012
110567309720
101211348872
72900828974
102085180041
8123353320
92277989698
109581758290
102901673470
60147886884
92336756980
66366867868
65125168607
58829223274
989215966894228
69888142055
60729064029
91634361528
68109994856
60035161578
60736915853
63483485529
101978763649
79005651649
99590254313
71171111364
101574197892
62870163455
65250722980
61810544960
84066692873
80713244147
106747493086
316251540307693
106074938054
8076509920
81505034477
17494713801
100060797633
84642950554
111006608065
94436864320
68641194127
95634341292
111424043417
61170303475
106794620710
65610879844
101011471079
106736685822
111237596045
64308340774
111449204202
85879788429
102044850973
60614959152
95916522787
95778610086
58291302020
58765593643
63168627767
106564988691
110931294585
60075259751
61356028990
94052675936
110146253401
97325622004
16130539087
95038086433
65887966602
73226115305
105462624004
92483686660
86816189214
62648924442
63670817375
76596780431
223893453013678
63092530428
60750584631
62818735680