95930663182
60548472821
59150037403
106074893951
74334965324
99931910799
71471976104
52311363242
68632810164
62934013532
61365363866
73220420048
94737508875
84841854584
60654386529
61575335910
96634858488
92894406386
77051602043
76222158173
378653310453371
68498700052
102763883655
93935677541
62178676697
93543039234
70517761925
71048175529
74757960707
70951249342
98132622049
69534555761
10163564192
82713650299
87805561496
61879175879
74714820829
654960317432568
76102672344
103286255479
72393250539
93243622502
103508435100
78521223657
103493539192
61898340935
100073876219
100466913870
104817416439
80724549255
52113224911
106095463962
78008142605
66858374760
98182249533
96490142123
97174959100
57055809988
63882740358
79594045721
66556032089
75392598483
99342454332
75588449655
9517127274
63902001016
85118724232
97591998527
100485139373
96245435945
64439508115
72659342828
100581285515
66734882336
616180009147660
92685811663
101152749673
59803891847
98761818373
94118004589
61231468419
83418743577
100581015506
5591932535
73266876996
59592877415
78895731905
101829680416
92855864222
62115626178
109596766121075
65750312740
64102713005
62462629015
74461065169
65279637811
69785444917
17905716230
106760531443
22251056261
96232772900
786844834861150
59817863746
74600367191
88073106113
78280691265
99631615090
61475212557
109619294574
95294432667
91951926313
65853713520
106623427686
97532856807
387447779521283
105006168815
58929440530
62463474537
60910012401
65856568914
109292663506
105040423575
67998907425
102422926946
65125312177
93043802300
102625245725
62920917529
22731822186
60693780498
79594086490
79778651002
59087408055
63776438465
70440453264
67813789237
80122544371
91647645478
71756808955
61745688422
66662521217
59617282170
70078814901
53453418317
79098265869
747274575808048
95961248490
24400703447
68285673068
63918516521
4773263679
101808354976
56194021165
63565780610
95763007669
22950223668
111019398571
53472046057
62071024055
99246165272
104500832951
69504665055
92534652168
830886737352807
87260302211
71277228942
712082015154311
668147896562861
75358892465
102104776303