81195516892
60284586514
99408470363
62020144442
98051559921
91659503884
92767785082
97798183944
75446649210
63571109200
59134208536
61627907737
83772129616
93027804266
67491574532
93074720538
101394368743
61766916620
108017814766
64871374228
60658417111
75878398133
71924577954
60476528510
97378697432
103209266871
100456243134
102469159457
94685543641
66912515670
64778107845
94538337786
971596989741691
99337445747
76101330929
100396628554
619755684496572
99275095107
64529383315
61490035098
88773652106
58585873955
61299522555
75390020759
68131172820
78637704976
98338643333
62516036826
61055672022
109913897885
103285300120
103043632992
101852714698
93569835801
99103205821
77027444251
61842718561
67301267310
96047609592
89851560177
844057332956583
66734658334
71320334261
110741643750
58475959278
108024350450
50257828752
95764691319
64256861221
64633968894
96081303117
59139110908
59666534100
93644586418
14210686510
101506313558
73989017934
111061050331
72215153183
694538358757031
78797314204968
84483774376
62491055581
71102193315
61170726185
66415600536
71410493009
78485202363
68109515189
88978460661
61757430501
77362517760
259073407191400
72609170726
2725619109
60320244504
104609263891
88588428766
96828775341
96089056283
58955225670
108616040452
59854383117
96221716745
69239344031
109227896951