23156748092
92039663806
60675753895
54906112718
59616683095
106202249686
76910495299
111324419164
59375266372
67287599850
74514782490
96613561940
60176328458
536203980190365
55891638566
83678064978
60652860111
60505468798
92445747035
74751441021
72421514641
563368979860638
67685273912
108014167581
74304600311
105959425133
60813779736
73689446824
52576465369
55843217220
59329714189
76631089953
60491445379
62175621298
98242257506
63088661161
59874324716
72801215504
98959830013
83686830396
101391878340
63398348193
100985157541
61056945872
67350234063
60165119297
101562540283
79461611468
62249102147
68489394856