97106040298
68037079164
60693284310
74446186795
73956969973
21060539359
67150944045
99593370779
95517571313
59925445800
60890970517
71182444268
63268783555
93141522711
50865940265
98732935137
70905973484
61271168237
220323708416663
63862524609
102656243503
100005854711
92147449376
111176511034
93541307548
104472190411
93537832686
67385105902
66741826389
51283580688
98463257611
73448524872
92791405091
111530202427
71142409916
63918479012
65401671296
59474552184
99346622089
64413920803
106167611169
59861986497
62741403851
97257201443
62105456127
62531024503
10308322065
76045813128
102866959590
50327637302
98516522562
61844177518
101733227278
66429602959
110810176092
93889287911
59409886346
461449738596222
62688929229
66507610712
86387154844
73327989141
101880959648
73704522070
62804770092
99887621050
83043051867
52318696116
101130104020
105818475631
52180546137
99638023791
60539772272
94619433662
101320022894
70159203285
61009033719
62998594808
61004855899
21241916893
111632412727
75686921477
54795698209
71790396967
22306169937
83360242631
85910587967
59531449118
95909437060
53574226591
63432597123
76296831424
71737718387
93142503053
107934312072
59182275345
106751992029
97432210807
75661604654
100524176811
96821982254
67954958653
97298623083
61052082704
98698756461
84934172973
106650014665
105156310325
62177974736
72273141334
101685403793
60791845535
61430090752
65266491670
102179817142
55141863574
108586460490
66270709476
69117543724
52199618117
79733051579
78305907163
16665571981
60312485039
58781569121
67575870585
61784723085
61231673499
60672811933
64713515128
67726487219
101319816912
102978840457
101051141965
52848422736
109975222954
84796578890
56803638648573
69125983868
16330768831
102334181908
101418807377
53251026099
96598815598
77963954590
95899505192
94186246822
93665295923
83572019911
22339953628
61208188735
67272554761
93173205253
70401303759
65583255913995
396283570300430
82740244270
967193098979779
82968680271
97842993897
64643218747
54974331721
78284502729
55967867444
64053338264
63677128049
60061945150
58634933011