66102999113
58916574667
80157661470
58260459212
111245610688
100057005631
69440946129
110067873188
484242940240766
69070798267
77416518046
77909644166
62435879029
68077122158
104505191445
92959591158
95899100611
681289940472942
58785278254
97499606920
71619590790
62655242412
75574163221
97984842058
62814568469
60730636071
59579219989
100701883212
60421908066
60597887253
69573638764
13648124285
59229509264
85126598708
105889330174
58540034299
73078136008
68257477057
82638932461
75881912827
61506322203
72202066307
92224671605
63119993485
99116347418
87021906364
59514174126
62994996722
96135837457
104835106393
84663686565
65656214019
62696856095
72106468986
63629826747
57498784365
73784389088
62410840833
74675648098
59245704911
66176486223
68198615443
98790782649
82516601162
96949571920
63734553017
87880118622
102692025274
97118067296
78333744491
78705296626
104251228874
94449894075
96757775567
50429902454
60681006380
97844755725
53546716113
106717212520
87223174648
59017260937
102321429383
94120234910
144789297180375
99305186303
91648708675
99995300362
61668141821
102823105351
50804677284
79982328509
67797678580
59411407407
20251236282
61943222334
104467880593
106804196996
61758219829
51892005747
92822944650
584559013140508
95391434332
60538723336
94195830487
109665918864
81323218786
63706963749
60439831989
70109747733
58582120444
12195383711
78515151940
77873219469
66737632760
62172032314
92014952059491
85083619454
76235310737
60349565694
79284889502
65331759262
60481757540
67954604423
98186466304
93618871388
67973924234
62964203978
53271023126
60729228596
92654585036
83894063076
60691386392
60317233173
21501549576
63861246288
73368113673
110981242620
94133186536
52759424615
81158980360
60038761076
65435762266
77627918093
60355949050
93610496469
67783832126
105478658506
104706779401
85884139875
93059816815
104553269838
60251679491
89913152903
58603963411