94789921682
61074223967
52829222996
69321622728
93140484929
65636317315
108215411647
61486880440
60321398053
83652857989
70939770572
81407226970
61306094313
100652329574
71426177791
92296489961
101417969317
96019889957
78174527705
55426120910
67088853615
109738537772
94263780217
111520555538
60620458808
99373315656
103079497922
101683939775
92196972644
93060615594
110847100388
97439449468
3031556553
435052266913982
57725351131
75762773860
106649526940
97784745946
92969507391
184360227050462
92331536536
95022267957
474635140865021
20612789322
62661316805
98707763551
72635985096
75345328514
60304864777
99270003263
98444110516
51335122315
66099286129
63279086742
75498116140
106095967133
91952057135
103691870897
63670762512
83179649378104
105335295485
94044575302
60851614099
60823701582
60692131874
53924128015
67639992753
59935063464
60910886727
54756798512
102133652688
61212115127
58999375746
86437202339
73002624880
73845619440
96936226646
61500793623
66737773202
61560007749
70253058158
69772003243
59194725902
52209584313
905631858698423
104685979909
108110753711
95018605044
96805477391
51001809164
71637753056
59246768827
61077649943
71998138204
75196598592
81228981829
580181258144103
89339569154
81053266862
96255804693
56625267648
95503299166
71162116980
64242395809
71069828289
92985923055
108994605190
110986465124
95147844918
60614112928
94924396615
78677908058
92308811447
96574106952
64273442278
60112956703
448192398492999
71484086734
63630223375
59133944561
67959826134
52637629799
59061903916
67215724066
101600859741
817632249132365
874852991374296
100810499050
64807370166
60337591367
51387709393
70539813754
111030466089
59581616517
60262493744
66853722784
79162883037
82804439703
106608455410
69414095507
72910011291
70111238261
61772318123
95917593121
88761320120
88858449446
62263574637
75657152544
110860953203
93029925641
87443912176
106773555962
95598775773
62853480631
100232327287
59484663230
59365970820
75366972320
10773557203
109312156481
97828671654
92978998053
92591449061
109866365063
71911544698
102206227720
307468088906280
61743336593
93159020714
60457171077
100368885122
72896867266
59781753450
52069725685
104933646127
103298520314
69995763097
97344162127
62563262906
99218757913
50891566236
63602518246
99374168677
63249486519
83605037044
70896003590
93325168352
95964240454
102268871063
60258302520
