60505094818
95042589712
536983055117444
59366939965
96427262143
97586900977
99648335807
83193182948
71710999668
70100915524
70887781864
77518923250
99346043370
85527242706
60735446914
92768810054
59023534390
95293005526
96033773626
84832689832
12680924671
71116178949
87580938606519
73521772048
76317108345
76366804818
69531669082
84471667572
96952124948
91648620241
108833195997
522989385560813
100213460760
109854230000
62905819165
95946401998
68246557466
111087635833
3434443156
95623127649
60958123773
67554239647
71460957012
59075472983
528231394977336
74215183752
62824688807
103001726010
74235577674
101879979058
73094902572
73434594570
98606116432
59473256619
73353397811
51974574026
87641234630
98183715577
105802889495
88115073085
60904112391
61104472052
71396549683
74153915423
96070981244
102917242164
92517056688
73098184090
100417757347
76489438981
110292567796
99157495937
60771757183
61983344544
97891508930
96525808552
60422908484
83426251155
96614918645
74994405663
109606316036
74017068318
106911212834
94477595327
110183000323
70325767129
94394748724
105192097327
99142769338
83925542058
86515491237
97361739785
105409122640
78291823384
79267851403
64964908391
94048144723
92523476488
101961376561
105485988300
92697288515
102857813611
67610077057
85158611082
74552529811
74094453034
76179622782
101920594310
61845065132
96878685605
74122737563
63873616604
101442167976
79104652541
62285802075
540596620770157
95412074285
23013805546
110865123733
756096709696216
95637423881
105448780466
96951160358
734063688691820
102439278355
64463960094
104309028624
93089687908
70335221775
72421090526
85181524841
92836715624
75536307404
93302940380
104681981770
60781172980
74316492483
93972982352
72149027755
12269875116
101659075829
104928883549
646160194997566
103239889718
68928066042
92893925359
68390317568
109550772496
96256414916
58267075248
62010349873
111193102330
95264995016
69378947716
73304337929
104328945904
75192808043
97483636810
77094500435
100950960168
75198569306
22153651368
105049973127
99680866461
23332949725
82359639619
64446321049
68252919153
417404796020974
945168535525357
95994703044
102425997516
96763368999
85303847634
61156850831
68380457280
60517422181
51784101432
100520334558
54401691469
97609864271
72751152049
85520143370
74042515929
496604279736756
99099784758
88683299238
104689931994
83763362181
103701174821
69696414066
62718024165