71403356738
100258844325
105445798713
85959141640
56434188571
92504513703
100862672995
70177198843
68325809480
63234048666
108074441207
730508585083152
104695125714
62603951282
102866240654
60289999719
57829919977
71048088232
70003644685
79777541577
85945942832
93511647754
109826246504
60481375678
92714129244
111380917819
106350186750
59517304539
106529403291
63402761492
65888195377
60360311766
72584594559
94439560500
88349752939
73244010628
78463900178
56496535864
70981704344
68497996716
67170030214
99458098648
65772887183
79791384030
92987678204
100846744554
65649137917
105525640638
74622001314
82399239111
725316329278516
68248749925
59161753832
55228346789
65681890004
60182745985
67213402222
59338873123
60687815231
62512597199
74689924005
94623727308
101800729703
24727503414
65025150646
22767198645
64864466529
104750751301
98436325156
67610575402
61925160729
21432259164
95513741567
92224784359
109720795069
60560905301
73848880823
67098001797
60893589422
52988471273
75583038196
98085665034
54423637469
82458319506
61789180437
111249053822
58234887620
98492215506
59079579852
58895291679
93179917542
61491452530
95725770012
66580680189
55859239669
100990679009
103593170540
476738225775
71909894444
654946836945259
58400669295
72507675822
61134855330
84751519469
97077458736
628515816087083
59834432253
99686318486
52470036188
93313566344
94760065999
104488954388
57493273700
61136214058
97732863971